.Random.seed <-
c(403L, 10L, -686433911L, -1932759365L, -1642763638L, -711584404L, 
-206884113L, -1281757915L, -418579492L, 76487090L, 686413997L, 
-1355249561L, 702406542L, 2054867048L, 957600875L, -228540919L, 
1436156056L, 1942744006L, -1968447711L, -1886360653L, 1498596130L, 
1208915220L, 993760663L, -1569690227L, 1311337636L, 1317244554L, 
-835058443L, -832750769L, 22742102L, 1134446336L, -403193277L, 
-465856031L, 1119927632L, -989940818L, -522194599L, -1137152149L, 
1742331610L, 110751644L, 327832479L, -939705867L, 2094447756L, 
-1999813278L, -128870083L, 404468151L, -939461026L, 2129043352L, 
-829690117L, -1704950119L, -1321783512L, -935737898L, 2057374289L, 
2006294787L, 1395129490L, -523636188L, 1311050983L, -936320707L, 
-852814412L, -1021490662L, -1557368475L, -1716019201L, -667994490L, 
-2146415088L, 303895731L, 1164324689L, -642268416L, -749037090L, 
896582185L, 52670939L, -460841238L, -45798260L, 254350287L, 765373317L, 
443402300L, 309332242L, 546758157L, -1705996985L, -1681914066L, 
-1900791160L, -1755960437L, -989123735L, -1476745928L, 409380838L, 
-215597183L, 1806374675L, -57245502L, 483302260L, 1484285815L, 
-1360543635L, -265543932L, -1097621974L, 1068290965L, 1938405423L, 
93770038L, -997248672L, -132034653L, -1721386815L, 2084841648L, 
-2046396466L, -983684295L, -980409525L, 87316730L, -195624452L, 
-728522177L, -1046550763L, -1142402004L, -2003833598L, -1613249059L, 
-1535314729L, 52445118L, 580000248L, -585851429L, -929762247L, 
-1720175224L, 1526866230L, -1164289167L, 583293347L, -1867160334L, 
833673284L, -1945847033L, 1924307677L, 179569620L, 1526596346L, 
2142508613L, 136703647L, -506801114L, -1440743248L, 102725971L, 
2038031473L, 119019936L, 1185092926L, -1222855607L, 527237371L, 
1048013002L, 44690988L, -935554513L, -1475654939L, 1284935580L, 
-49157646L, 1851343981L, 720446887L, 449597390L, 238783784L, 
-413585621L, -1642015415L, 284727896L, 1151587078L, -1022181663L, 
-1820501389L, 762290914L, 429342292L, -973322409L, 1491761997L, 
-348336412L, -224522550L, 115593013L, -1525471857L, -418790762L, 
580966976L, 1126951683L, -908297439L, 697859088L, 19475438L, 
1971551129L, -1276304341L, 2005745946L, 444543964L, -1539852833L, 
-360676939L, -1727246516L, 937141666L, 1307223293L, -128554505L, 
-1015994594L, 1615567320L, 801420091L, -1487047463L, 271513704L, 
375197078L, 1343624465L, -142731581L, 1675441874L, -1547489436L, 
675730087L, 485964797L, -1759646220L, 1899981530L, -1515574235L, 
1017184575L, -809109818L, 352066384L, 562381683L, 1400419729L, 
923375552L, 1681531294L, -853603479L, 1283571611L, 1185089194L, 
-120000308L, 1612099983L, -976058939L, -1997190788L, 1087650258L, 
-1983142579L, 1200404487L, 339630062L, 196140744L, -1746923061L, 
-1172298711L, -1194126728L, -41984090L, 558225857L, -1473794477L, 
781608194L, -1260288972L, -800401993L, 1563900333L, -643867964L, 
2107981546L, 1100042581L, 282920687L, -1126238986L, -2028534752L, 
-1169738269L, -806803839L, 1465716976L, -1741860978L, -946175751L, 
840002187L, 1872816826L, 307585820L, -1806899054L, 1828280704L, 
-1861026796L, 1835110184L, -306260422L, 546152912L, 616452460L, 
-521537612L, -588050926L, -426314784L, 1706046924L, -502721312L, 
-89391070L, -480917720L, 1760634380L, 1274503996L, -1020857358L, 
-865187088L, 1841973828L, -1082210728L, -1400420550L, -1527864336L, 
145569468L, 499709204L, -1901473598L, -2014282656L, 1943763324L, 
350496720L, -725669598L, -1674150232L, -1053029492L, 29256892L, 
-863510734L, -1961045440L, 34415796L, -836938680L, -2134591046L, 
-1862218224L, -531678996L, 1865804116L, 193832722L, 905168288L, 
1490332364L, 264152672L, -1658892350L, 802636584L, -1917420116L, 
-1689824964L, 1399385970L, -1066680016L, -1587814620L, -864373448L, 
-1860740390L, 1902155664L, -1333832964L, 59989908L, -1325983678L, 
1449774336L, -288412612L, -2011398832L, 222406818L, 1362970440L, 
-975317236L, -732644644L, 1225999186L, 629965440L, -1308645292L, 
-120390680L, 1623586554L, -1341314736L, 437453612L, -259246220L, 
-1850395758L, 850859616L, -61964404L, 45146976L, -1437710366L, 
861401000L, 1300782284L, 1147457020L, 1926695858L, 2011572720L, 
1638255044L, -173739688L, -735435398L, 431829424L, -1461104708L, 
-399503276L, 442401730L, -137534432L, -1440781124L, 1561504336L, 
-848867358L, -2126301592L, -597013940L, 2031632636L, -1175425038L, 
-712557312L, -1640687756L, 262397960L, -1622788678L, 1810005456L, 
-110033940L, 753541012L, -910521390L, -1589414048L, 731723084L, 
1996741920L, -142781566L, 1932151528L, 386315500L, 1387330108L, 
108747634L, 727124592L, 806127652L, 1364014904L, 1200045210L, 
-401444144L, 1985667260L, -1485805932L, 1591797378L, 1032821952L, 
-2023476932L, -1195638640L, 1067129378L, -1760397816L, 2059309324L, 
161440412L, 1001700882L, -1467519616L, 1650355732L, 651732520L, 
-1477012166L, -2028492848L, -1869364628L, -834664652L, 984969874L, 
-1785169568L, 1869046092L, 631242720L, -2129088606L, -1869383768L, 
970939276L, 36198076L, -735093902L, -1277179664L, 895883332L, 
1055833432L, 2000716858L, 678093680L, -74300356L, -1233650924L, 
-1358509630L, 584732896L, 2084964220L, -814453040L, -1336940894L, 
-953744344L, 2104363276L, -1474976836L, -725324494L, -1822736448L, 
1939468852L, 2058685384L, -1315568454L, 1524477840L, 784557548L, 
-1912479660L, -1472385390L, 93641504L, 1250172364L, -482751520L, 
-1079995710L, -952243672L, 6282924L, -1859538244L, -1329659406L, 
-534017744L, -1330185052L, -1785384264L, 1804520282L, 9465232L, 
1709334908L, 110976276L, 1601497410L, 559661824L, 966294460L, 
-1414239408L, 966287650L, -1148498616L, 1437546508L, 1951684700L, 
542856402L, -1423857664L, -868013228L, -543976984L, -1514387462L, 
1261455056L, 1748669740L, 35944692L, 1456207762L, -913527712L, 
31599884L, 544900832L, -450507422L, 738460328L, -365155764L, 
-1147066500L, -1698698446L, -213340560L, -883434172L, 675425240L, 
584663162L, 124360240L, 1927682748L, -1653893292L, 449706562L, 
214588320L, -4212548L, 234975696L, -260078238L, -75275288L, -1868683316L, 
581297916L, 392941554L, -1782645632L, 886550100L, 1161253605L, 
1252773615L, 827894312L, 172916358L, 921581747L, 459918869L, 
-2098634638L, -1170551616L, 895795497L, -276138085L, -4992916L, 
-1159502726L, 1873366447L, -1187623751L, -894978354L, 2045367324L, 
858457997L, -298135049L, -1872460544L, -1307290786L, 1233081387L, 
-868381907L, -1029539942L, 1263994200L, 2050107585L, -982419597L, 
-215278444L, 279587106L, 897701943L, -1700656895L, 1586813958L, 
1522137668L, 1262031733L, -1844259105L, -804171208L, -99231210L, 
834588195L, -1370592795L, 557807618L, 1107931760L, -1214457831L, 
553546251L, -2077828868L, 119366954L, 2068831071L, 947497705L, 
1443770878L, -1168261652L, -955880131L, -1651272441L, 1208636656L, 
-167384946L, 1701421755L, 55114397L, 1300373066L, 1353098344L, 
1979530321L, 839239491L, 109773380L, -183668494L, -2051916601L, 
445195921L, 1989556246L, -1211989388L, -2000153339L, 794921807L, 
1005077832L, -1116309274L, -608178669L, -526593675L, -440851118L, 
-1191811680L, 440439945L, 1410503867L, 944711436L, 682331802L, 
968897551L, 978432089L, -127140626L, 1030895484L, -146758675L, 
801344663L, -1671440544L, -502689986L, 1318973451L, 1201797261L, 
1835254202L, -664350728L, -1110512735L, -1947286189L, 1782185076L, 
1018875394L, 825065623L, -1222290847L, 1652124326L, 2122511012L, 
1153406805L, -1581474817L, 84085400L, 663498678L, 769295427L, 
22551941L, 1845610018L, 93535504L, 1878486201L, -420703893L, 
-838778788L, 1644080522L, 371210623L, 568304841L, -1809426082L, 
1322129932L, -61334051L, 2004845799L, -2092244720L, 1835909166L, 
-729254181L, -2102505539L, -367335126L, -2103509560L, -558218511L, 
1006390371L, 43374692L, -830729326L, -849610649L, -651950031L, 
-2014127754L, 1293837972L, -835670875L, -607997521L, -870815128L, 
1527697990L, 602732531L, -909883563L, 1259206962L, -1922773760L, 
-1890365975L, -1302292389L, -258438484L, 459945146L, 1771140719L, 
-258284551L, -665646450L, 1637272412L, 1722755021L, -393033929L, 
-98101824L, 736852638L, -2033962133L, 880290541L, 1518313306L, 
